vol
0.0000
0.2930
0.6897
1.1444
1.6632
2.2430
2.8809
3.5797
4.3396
5.1605
6.0425
6.9794
7.9803
9.0363
10.1532
11.3251
12.5580
13.8458
15.1947
16.5985
18.0573
19.5740
21.1456
22.7753
24.4598
26.1993
27.6672
29.0894
30.5359
32.0038
33.4961
35.0067
36.5356
38.0829
39.6454
41.2201
42.8070
44.4061
46.0144
47.6288
49.2523
50.8759
52.5055
54.1351
54.1351
54.1351
54.1351
54.1351
54.1351
54.1351
54.1351
54.1351
54.1351
54.1351
54.1351
54.1351
54.1351
54.1351
54.1351
54.1351
54.1351
54.1351
54.1351
54.1351
54.1351
54.1351
54.1351
54.1351
54.1351
54.1351
54.1351
54.1351
54.1351
54.1351
54.1351
54.1351
54.1351
54.1351
54.1351
54.1351
54.1351
54.1351
54.1351
54.1351
54.1351
54.1351
54.1351
54.1351
54.1351
54.1351
54.1351
54.1351
54.1351
54.1351
54.1351
54.1351
54.1351
54.1351
54.1351
54.1351
54.1351
54.1351
54.1351
54.1351
54.1351
54.1351
54.1351
54.1351
54.1351
54.1351
54.1351
54.1351
54.1351
54.1351
54.1351
54.1351
54.1351
54.1351
54.1351
54.1351
54.1351
54.1351
54.1351
54.1351
54.1351
54.1351
54.1351
54.1351
54.1351
54.1351
54.1351
54.1351
54.1351
54.1351
54.1351
54.1351
54.1351
54.1351
54.1351
54.1351
54.1351
54.1351
54.1351
54.1351
55.7678
57.3975
59.0210
60.6445
62.2589
63.8672
65.4663
66.6168
67.7216
68.8354
69.9585
71.0907
72.2290
73.3704
74.5117
74.5117
74.5117
74.5117
74.5117
74.5117
74.5117
74.5117
74.5117
74.5117
74.5117
74.5117
74.5117
74.5117
74.5117
74.5117
74.5117
74.5117
74.5117
74.5117
74.5117
74.5117
74.5117
74.5117
74.5117
74.5117
74.5117
74.5117
74.5117
74.5117
74.5117
74.5117
74.5117
74.5117
74.5117
74.5117
74.5117
74.5117
74.5117
74.5117
74.5117
74.5117
74.5117
74.5117
74.5117
74.5117
74.5117
74.5117
74.5117
74.5117
74.5117
74.5117
74.5117
74.5117
74.5117
74.5117
74.5117
74.5117
74.5117
74.5117
74.5117
74.5117
74.5117
74.5117
74.5117
74.5117
74.5117
74.5117
74.5117
74.5117
74.5117
74.5117
74.5117
74.5117
74.5117
74.5117
74.5117
74.5117
74.5117
74.5117
74.5117
74.5117
74.5117
74.5117
74.5117
74.5117
74.5117
74.5117
74.5117
74.5117
74.5117
74.5117
74.5117
74.5117
74.5117
74.5117
74.5117
74.5117
74.5117
74.5117
74.5117
75.6531
76.7914
77.9236
79.0497
80.1666
81.2714
82.3639
83.4381
84.4971
85.5347
86.5509
87.5427
88.5101
89.4501
90.3625
91.2445
92.0929
93.1091
94.1284
95.0958
96.0114
96.8750
97.6868
98.4436
99.1486
99.7955
100.3906
100.9308
101.4160
101.8433
102.2156
102.5330
102.7924
102.9968
103.1433
103.2349
103.2684
103.2440
103.1647
103.0273
102.8320
102.5818
102.1942
101.7090
101.1475
100.5188
99.8230
99.0631
98.2391
97.3572
96.4172
95.4193
94.3726
93.2770
92.1295
90.9424
89.7095
88.4369
87.1277
85.7819
84.4025
82.9895
81.5491
80.0812
78.5767
77.0172
75.3998
73.7854
72.1588
70.5017
68.8171
67.1082
65.3778
63.6230
61.8530
60.0647
58.2581
56.4392
54.6112
52.7710
50.9216
49.0692
47.2107
45.3491
43.4845
41.6229
39.7644
37.9120
36.0626
34.2224
32.3914
30.5725
29.2847
28.0731
26.8555
25.6348
24.4110
23.1903
21.9727
20.7611
19.5557
18.3594
17.1722
15.9973
14.8376
13.6932
12.5671
11.4594
10.3729
9.3109
9.3109
9.3109
9.3109
9.3109
9.3109
9.3109
9.3109
9.3109
9.3109
9.3109
9.3109
9.3109
9.3109
9.3109
9.3109
9.3109
9.3109
9.3109
9.3109
9.3109
9.3109
9.3109
9.3109
9.3109
9.3109
9.3109
9.3109
9.3109
9.3109
9.3109
9.3109
9.3109
9.3109
9.3109
9.3109
9.3109
9.3109
9.3109
9.3109
9.3109
9.3109
9.3109
9.3109
9.3109
9.3109
9.3109
9.3109
9.3109
9.3109
9.3109
9.3109
9.3109
9.3109
9.3109
9.3109
9.3109
9.3109
9.3109
9.3109
9.3109
9.3109
9.3109
9.3109
9.3109
9.3109
9.3109
9.3109
9.3109
9.3109
9.3109
9.3109
9.3109
9.3109
9.3109
9.3109
9.3109
9.3109
9.3109
9.3109
9.3109
9.3109
9.3109
9.3109
9.3109
9.3109
9.3109
9.3109
9.3109
9.3109
9.3109
9.3109
9.3109
9.3109
9.3109
9.3109
9.3109
9.3109
9.3109
9.3109
9.3109